140,
86,
48,
96,
88,
250,
130,
17,
35,
93,
320,
238,
195,
300,
175,
330,
315,
193,
210,
420,
420,
303,
300,
250,
150,
300,
220,
50,
150,
200,
400,
90,
50,
320,
200,
220,
6,
300,
200,
200,
200,
150,
300,
200,
300,
320,
90,
200,
140,
180,
320,
320,
200,
220,
220,
180,
250,
220,
290,
400,
400,
130,
200,
100,
180,
200,
300,
44,
107,
170,
180,
25,
30,
27,
15,
16,
20,
5,
35,
8,
3,
100,
55,
32,
40,
10,
150,
4,
14,
3,
12,
100,
50,
14,
49,
3,
86,
40,
210,
200,
35,
45,
6,
40,
38,
8,
10,
95,
70,
30,
6,
70,
5,
110,
40,
49,
200,
128,
160,
340,
480,
210,
90,
120,
125,
200,
175,
125,
95,
90,
120,
300,
290,
90,
250,
112,
8,
200,
135,
125,
100,
42,
38,
225,
50,
50,
240,
10,
135,
150,
20,
100,
15,
100,
35,
30,
150,
107,
1,
1.1,
49,
2.4,
24,
5,
5,
250,
10,
2.6,
3,
100,
24,
34,
20,
3,
40,
36,
25,
42,
6.8,
35,
100,
67,
30,
28,
35,
45,
50,
25,
9,
5,
1.1,
29,
35,
2.7,
5,
26,
9,
2,
153,
59,
2,
136,
137,
145,
15,
168,
112,
180,
298,
155,
108,
123,
121